E_acc=2.9e+07
N_0=10
Q_0=1e10
R_Q=103.8772012
beta=1
excitation_Tperiod=1e9 / f
excitation_Ttotal=20*excitation_Tperiod
f=1.30141e9
inner_radius=78.099998/2
l_acc=1.038e3/9
l_cav=131.99954
l_extension=150
omega_0=2 * Pi * f
outer_radius=212.199997/2
power_peak=(E_acc*L_acc/1000)^2 / (omega_0 * R_Q)
size_cell=1
theta=-61.352110577788594
thickness=2
