N = 6;
p = 3;
maxD = 41;

dist = [
  [0, 31, 22, 15, 28, 36],
  [31, 0, 27, 19, 33, 41],
  [22, 27, 0, 14, 25, 30],
  [15, 19, 14, 0, 18, 26],
  [28, 33, 25, 18, 0, 12],
  [36, 41, 30, 26, 12, 0]
];